4 0.836927 0.202486 0.038635 0.063954
4 0.683625 0.223722 0.039083 0.076574
4 0.805794 0.403176 0.065016 0.142111
4 0.245958 0.206986 0.112875 0.084213
4 0.288885 0.156981 0.023312 0.071056
4 0.375203 0.471861 0.084198 0.054000
4 0.489779 0.388963 0.088464 0.130741
4 0.628070 0.208486 0.032505 0.080528
0 0.171187 0.272856 0.266271 0.267435
4 0.915755 0.242745 0.056844 0.065528
4 0.943286 0.290116 0.043521 0.052898
0 0.224531 0.682796 0.388302 0.517056
4 0.505276 0.467444 0.027979 0.068685
0 0.403089 0.558949 0.243115 0.754713
0 0.683495 0.584324 0.472406 0.713778
0 0.867208 0.474634 0.195229 0.297954
1 0.664156 0.658815 0.384000 0.554981
0 0.898388 0.375542 0.131453 0.145269
4 0.854203 0.349491 0.034198 0.042630
