1 0.052292 0.675648 0.015635 0.071963
4 0.390656 0.565181 0.071500 0.315009
4 0.579174 0.544259 0.084380 0.314222
1 0.068357 0.719241 0.021630 0.082241
1 0.017620 0.703324 0.019490 0.078815
0 0.486979 0.607074 0.274729 0.553889
1 0.864734 0.568514 0.013740 0.067269
1 0.222768 0.653375 0.021630 0.074620
1 0.210346 0.667463 0.022911 0.069296
1 0.188930 0.681167 0.017349 0.075389
1 0.183469 0.661370 0.017990 0.080722
1 0.137208 0.667843 0.018844 0.084519
1 0.128003 0.708579 0.023130 0.086046
1 0.098229 0.711250 0.018417 0.089093
1 0.085490 0.689352 0.019917 0.091759
