4 0.420487 0.649634 0.015911 0.152639
0 0.936625 0.626287 0.076740 0.374222
0 0.882430 0.595310 0.058620 0.282324
0 0.838693 0.596241 0.033667 0.181389
0 0.775174 0.628542 0.100401 0.458157
0 0.730732 0.615472 0.061391 0.336519
1 0.664443 0.583907 0.037750 0.207907
0 0.580432 0.617852 0.082896 0.398037
3 0.498831 0.586213 0.034422 0.226981
0 0.438484 0.605287 0.055510 0.277907
0 0.379198 0.619894 0.070167 0.341861
1 0.350755 0.572639 0.019990 0.123426
0 0.320044 0.609694 0.045891 0.242111
1 0.232893 0.616602 0.044776 0.292778
0 0.175531 0.626806 0.091406 0.403963
0 0.138523 0.596208 0.049964 0.287509
0 0.060253 0.599500 0.043672 0.274352
4 0.865133 0.650495 0.019984 0.167528
4 0.357018 0.686477 0.019984 0.205269
4 0.553159 0.697329 0.021464 0.217769
4 0.715253 0.684486 0.015547 0.190824
4 0.742083 0.721676 0.024792 0.258556
4 0.909174 0.695685 0.020724 0.219741
4 0.838120 0.562458 0.030344 0.087509
4 0.148107 0.705227 0.026276 0.237509
4 0.049297 0.655551 0.018875 0.153954
4 0.124422 0.655880 0.018135 0.174352
4 0.309091 0.654241 0.023318 0.146056
