1 0.514607 0.538866 0.069068 0.491139
0 0.904826 0.637093 0.111276 0.488407
1 0.616948 0.442662 0.028063 0.068528
1 0.617409 0.513940 0.027141 0.138713
1 0.595513 0.526269 0.024672 0.104167
1 0.584102 0.456093 0.024672 0.107463
1 0.565599 0.493653 0.038240 0.174898
1 0.236513 0.502097 0.047964 0.157898
1 0.204760 0.438153 0.037750 0.069472
1 0.206313 0.505259 0.037302 0.148426
1 0.175227 0.504468 0.035526 0.156324
1 0.099510 0.512759 0.035083 0.165000
1 0.086188 0.457889 0.027979 0.099481
1 0.063094 0.513940 0.043969 0.164213
1 0.028453 0.512759 0.037750 0.158685
1 0.012563 0.528944 0.025125 0.137370
0 0.666549 0.591389 0.110505 0.476130
0 0.457818 0.638454 0.139667 0.627556
0 0.288607 0.579792 0.125089 0.567528
0 0.098677 0.590708 0.141198 0.491139
4 0.868971 0.587514 0.037932 0.246176
4 0.636484 0.588120 0.052115 0.107870
4 0.051367 0.551602 0.045297 0.263685
4 0.251469 0.621870 0.048479 0.121056
4 0.403721 0.607199 0.031453 0.141454
1 0.990044 0.506810 0.019911 0.138713
1 0.965437 0.501324 0.041021 0.156259
1 0.960195 0.443759 0.031151 0.074019
1 0.930898 0.457190 0.023745 0.084435
1 0.878932 0.497486 0.022823 0.109102
1 0.853643 0.494745 0.030224 0.159546
1 0.827120 0.491454 0.037625 0.167222
1 0.802911 0.497759 0.029917 0.159000
1 0.780398 0.495296 0.028068 0.168315
1 0.757578 0.490634 0.036698 0.177639
1 0.727969 0.495023 0.033615 0.173250
1 0.648557 0.488718 0.031458 0.150769
