4 0.514219 0.672880 0.031729 0.047593
4 0.345385 0.654236 0.071396 0.125546
0 0.343138 0.668370 0.069276 0.340278
0 0.411083 0.682185 0.060396 0.296852
0 0.512740 0.694421 0.039969 0.185528
4 0.410536 0.651769 0.062604 0.127204
4 0.542724 0.665606 0.036688 0.070954
4 0.580341 0.667699 0.061599 0.064120
4 0.640378 0.641556 0.061391 0.109778
4 0.862909 0.588116 0.083526 0.087565
0 0.542935 0.691662 0.041745 0.205269
0 0.579914 0.682921 0.058474 0.241454
0 0.638016 0.656606 0.066615 0.298028
0 0.846253 0.643023 0.119016 0.338694
