1 0.952798 0.711634 0.075815 0.082620
0 0.722957 0.646648 0.129690 0.425648
0 0.598257 0.625505 0.131992 0.448843
0 0.538400 0.638463 0.112039 0.409278
0 0.475885 0.631009 0.114354 0.431593
0 0.401499 0.640549 0.109914 0.400671
0 0.271616 0.654199 0.128539 0.442250
0 0.173452 0.654766 0.139409 0.443384
1 0.131879 0.359000 0.031867 0.120620
1 0.675741 0.727935 0.112565 0.058028
0 0.032271 0.284139 0.032766 0.086046
4 0.033984 0.284139 0.019062 0.028935
4 0.130491 0.471139 0.049331 0.065222
4 0.245066 0.478549 0.070622 0.085532
4 0.371510 0.487046 0.048417 0.093750
4 0.411757 0.491157 0.067846 0.064694
4 0.438741 0.451958 0.037935 0.065241
4 0.522934 0.501301 0.082341 0.086074
4 0.573357 0.453877 0.075865 0.098690
4 0.690396 0.491981 0.063839 0.081694
